Y = [
   3.8126525485450213e-001
  -8.1834411036884702e-001
  -1.5672032389119003e-001
   2.3904855311677287e-001
   2.4769430460288649e-001
  -1.0184072115723896e-002
  -3.8675295661658449e-002
   8.4570887240664153e-002
   2.1044454844268085e-001
  -1.4952504424888308e-001
  -2.4640042057984608e-002
   8.9781729954120382e-001
   1.9172040746677479e-001
   2.0028795656734542e-003
  -1.5077606259729315e+000
   4.1568118069993144e-002
  -4.1643678211142350e-002
   7.4116645303030929e-002
  -6.6310991170010200e-002
  -1.6667166038054868e+000
   3.6884932322483177e-001
   9.7865087935075659e-002
   2.7074836601009311e-001
   1.4773664131034723e+000
  -3.6448512332319737e-002
   1.1791765565652197e-001
   6.0585098721205843e-001
  -1.2217746689436196e-001
  -5.6635816703235566e-002
   9.7092545488140197e-002
   1.5849172477704512e-001
  -9.6107053972060164e-001
  -8.8216970173115861e-002
   8.2968309848103161e-002
   4.3058083952207324e+000
   2.6366410178293936e-001
  -1.2845636050027787e-001
  -1.6291337335011935e-001
   3.5433538305617240e-003
  -2.8616745728334070e-001
  -8.9185428586984021e-003
  -6.6768038268843116e-002
  -6.1265511807969304e-002
   3.7771791969340190e-002
   7.6532672091073478e-003
  -2.8765276714482713e-001
   4.1438828179637527e-001
   2.0785975891409154e+000
   1.0656418948802504e-001
  -3.8167060778472303e-002
  -4.3136040954974704e-002
  -5.6980404953004882e-001
  -7.6877266958848045e-001
   4.0772587424259621e-001
  -3.6087633182763651e-001
   4.2319790901087846e-002
   4.2319790901087846e-002
   6.2457822292158030e-002
   3.1991212680869091e-001
  -2.1132913366198214e-001
   7.7824904459584066e-002
  -4.9101266652889178e-002
  -9.3344810899561814e-002
   4.2284952609727361e-003
  -2.4988087247041434e-003
  -8.6740343318498458e-001
  -8.6740343318498458e-001
   2.7273976188254628e-001
   5.1053578581093717e-001
   5.0468153117655812e-001
   5.0091356178706226e-001
  -3.6722882479325758e-001
   4.3127708039414514e-001
  -5.0204856289293179e-002
  -1.1896455214898902e+000
  -6.5608097662260056e-002
  -4.9123784516797608e-001
   1.2416525888664577e-001
   2.6337373829025335e-002
   1.7810671609172112e-002
  -8.5514641720321471e-002
   8.5953896141586189e-002
  -1.5458231112109295e-002
   2.6875383113818524e-001
   5.3471693268128402e-002
  -1.2428691000748837e+000
   1.2623291553526458e-001
  -2.3729523769032253e-002
  -1.9852391020707898e-002
   1.9584549413751779e+000
  -3.4408740443077838e-002
  -3.2458184318154205e-002
  -3.4614982329080994e-003
   1.4047815150849503e-002
  -2.4860836840406778e-001
  -1.1672929796934682e-001
  -9.6689805845815532e-002
  -5.5064603847359672e-002
  -1.3815895000926171e-001
  -1.6778108986285198e-001
  -5.1798923090502487e-004
   3.9796058814245319e-002
   2.0158470291705855e-002
   3.1276210060332804e-001
  -1.7854536628264622e-001
  -1.2357262664453164e-001
   1.3849007955049472e-001
  -1.1963988692838504e-001
   3.8898206575359535e-002
   4.4577621457946415e-001
  -3.0141004483015016e-001
   9.5619831766928370e-002
   1.4646063949845417e-001
   5.1571373681689819e-002
   4.8370798711136181e-001
  -1.3093905616314980e-001
  -2.5107740260644307e-001
   4.6994415337194501e-001
   4.6994415337194501e-001
  -4.3578909908555180e-001
  -9.2915019884801969e-002
   9.7490474712548791e-002
  -9.6210949439717031e-002
  -1.1924471066041791e-002
  -1.4439220579975356e-001
  -6.0879934451472995e-001
  -1.4166802180372712e-001
   2.3971830344876688e-001
  -1.2130745086302623e-001
   8.4350726080665711e-002
  -7.1008746564769065e-001
  -3.7485632129785243e-002
  -6.8557250625736837e-002
  -5.7348782187919251e-002
   7.0272473311576558e-002
  -1.3945862236811020e+000
   9.8740636514937863e-002
   2.1009241699284410e-002
   3.1881023795520946e-001
  -1.8928174230327324e-001
  -5.7489114655341211e-001
   1.1382215297080689e-001
  -2.1140496606485830e+000
  -7.6574447024311862e-002
  -7.6574447024311862e-002
   4.4042814380113669e-002
   3.0669473515397860e-001
   1.7478037676578104e-001
  -6.2097385385941367e-002
   5.0384429037892725e-002
   5.5295494909210285e-001
   1.6839255535382604e-002
  -4.3504811685991067e-002
  -3.3642501106301387e-001
   7.0798560849048758e-002
   7.0367363320185880e-002
  -6.4398479814704673e-002
  -3.0062494023492342e-001
  -4.9221982100116086e-002
  -6.7478797012576461e-002
  -1.0897661181273558e-003
  -1.9296278443167139e-001
  -8.4316615850104148e-001
   1.9495826054932353e-001
  -1.3732101463026483e+000
   7.8599947814023616e-002
  -5.0646517693325921e-001
  -1.3639738185331815e-001
   8.6940834576952619e-004
  -8.8946230479401506e-002
   8.9367736679232798e-002
   2.4781566295458232e-001
  -5.8166401545124014e-001
  -6.0663306454609378e-002
   1.3100483243134303e-001
   1.0153250141672161e+000
  -2.0844663444588465e-003
   9.1935248914055623e-001
  -1.4177451826107856e-002
  -1.7322334615065910e-002
  -1.9274604617730468e-001
  -2.4267857044608857e-001
   5.9616400266933808e-002
   5.0835281905167595e-001
   5.0835281905167595e-001
  -7.3600466978595300e-003
  -6.8740750177404186e-001
  -1.5046855205415278e-002
   3.8146901833097955e+000
  -1.0760673772531861e+000
  -8.5303131537594792e-002
   2.4335424584797663e-001
   3.0985793391511651e-001
   6.5929539042173269e-001
   1.2859529499815764e-001
  -1.3073404806967742e-001
   1.6402691259197337e+000
   1.8940640459751842e-002
   2.3589465566368099e-002
   3.6482543535870371e-001
   9.3482052881948052e-001
   1.0360946987234802e-001
   7.4617539823979575e+000
  -1.2585375540850585e-001
  -2.4744018877831073e-001
   6.1834964703154838e-001
  -5.9206163232389683e-002
  -4.7316565209486078e-001
   2.1956934769088773e-001
  -1.1481123787957002e-001
   1.4328682102711529e-001
  -4.7900175876227713e-003
  -2.9781149324207279e-001
  -5.1600368731570256e-001
  -1.2003458620802428e-001
  -8.3571218112954648e-002
  -4.1128403625732994e-002
   1.7338549519481233e-001
  -1.7910228766757526e-002
  -1.7969788793094199e-001
   9.0124573727846033e-002
  -1.0291866933755978e-001
  -2.0308474445777928e-002
   2.8898929909145393e-001
   4.5041063586343112e-002
   3.9623231827746713e-001
  -3.0720342752249202e-002
   5.3423557818516626e-002
   6.9455955459766253e-002
   5.3118367315177509e-002
   2.7264487171033158e-001
   2.0122720042462947e-001
   1.5129504156375126e-001
  -4.3241301017918310e-001
   9.6164057966596061e-003
  -1.8623834500149267e-001
  -1.9236810798731127e-001
   5.8101820679346897e-003
   5.8101820679346897e-003
   1.3635647107855183e+002
   2.2496850409100122e-001
  -3.1523934856795569e-002
  -2.0947634742560655e+000
  -4.2511692922065314e-001
   2.1866206392135030e+000
  -6.6194091611232853e-002
  -3.0099996347729335e-002
   2.0464148245227362e-001
  -9.8188810614787958e-003
   1.2778540474331462e-001
   3.7153907453910207e-001
  -3.1455872001703900e-001
  -1.8762582945066961e-001
  -3.1393483707654242e+000
   5.7267289871415973e-002
   1.4834685701596592e-002
   1.2081576979739497e-001
   9.0052987007489191e-002
   2.9074998428058196e-001
  -2.1666635275198427e+000
   8.2394980044705995e-002
  -1.5477333798876644e-001
   8.1692545834978836e-001
  -2.2020175539797082e-001
   1.4406799683816260e-001
   4.3291573478854227e-002
   4.0814936345865599e-001
  -1.6769208627089363e-001
   4.4386080451549581e-001
   7.0715517221654686e-002
   4.3274491053925634e-001
   1.9986876237227189e-001
  -1.7259010893858950e-001
   1.3913541391507451e-002
  -6.7704260445441283e-003
   2.4903289320079566e-001
   3.1207883143163223e-001
   3.5139012065903190e-002
  -6.9426060648748167e-001
   1.0907580063964950e-001
   1.2513887020655551e-001
   3.8794546102736732e-001
   2.9324154105355860e-001
   2.4037429781979222e-001
   4.7986631103294312e-002
   7.2442742267211188e-002
  -2.9612941731179337e-001
   8.6008169820205923e-003
  -1.0457730694680383e+000
  -2.5906625067526878e-001
  -2.4553279897969008e-001
   1.0038325059040829e-001
   1.8440842100533897e-001
  -4.2479610592491744e-002
  -6.1079534174149486e-001
   2.2717050663113669e-001
