Y = [
   1.9829756912450369e+006
   4.3972482252350711e+005
   4.1148740004226734e+005
   1.6283402989984713e+006
   3.2686436640851985e+005
   7.2677755664449811e+004
   5.5800354205385793e+005
   7.2109375280496641e+005
   6.1480336313233734e+005
   1.3490475823461090e+006
   3.5042756199545698e+005
   1.8344105997052130e+006
   8.4839164059186948e+005
   2.1944905236310707e+006
   8.8018789624533162e+005
   1.7167594658523567e+006
   9.2569909700175654e+005
   7.0778778235814720e+005
   7.1046464726447850e+005
   9.0509825994357560e+005
   1.9106357994076554e+006
   1.0921233557193575e+006
   7.3261016763781023e+005
   7.3063101625635626e+005
   9.0463406955946505e+005
   6.1197076220985618e+005
   2.0349918767162689e+005
   1.4097124452331399e+006
   7.6218218390118692e+005
   1.0859540349572324e+006
   1.0164418525381912e+006
   2.0592260656261942e+006
   1.8076321743228768e+006
   4.0233874448099500e+005
   9.8148448002850963e+005
   1.7507131971596417e+006
   2.4125008960085415e+005
   7.2381220243170264e+005
   6.7669905227157264e+005
   8.1125221284357831e+005
   2.5834331867873343e+005
   1.1560578271606338e+005
   1.7290329633713865e+006
   6.4166368821229436e+005
   1.8080890174742781e+006
   4.3991611624014494e+005
   1.5707900551749815e+006
   7.3031167261555733e+005
   2.5819476706342972e+006
   8.2782353779487452e+005
   6.4662908451583498e+004
   7.8975798335829261e+005
   1.7336509701479708e+006
   1.9675848638941427e+006
   1.3827523633223115e+006
   1.2055878866263300e+006
   1.2294300789337899e+006
   4.8303393463656306e+005
   3.6958247681401280e+005
   3.9763619365254679e+005
   1.0879695427153888e+006
   1.0788237030868728e+006
   1.8380676597228048e+006
   1.0129673102876139e+006
   5.2276385989436938e+005
   7.2563212056091917e+005
   2.8582777614851841e+006
   3.3334923482951446e+005
   1.6278791879992997e+006
   7.1733775502686680e+005
   1.1872579174833214e+006
   6.4320114048581943e+005
   8.8274736125087936e+005
   1.2124371810281365e+006
   8.3961717774680408e+005
   1.2626922377685597e+006
   4.4946602273314015e+005
   2.5446769458894641e+006
   8.5094520431317645e+005
   1.8326546849681558e+006
   5.9405252646135632e+005
   1.1373665436920004e+006
   1.3163163530962111e+006
   2.7256767036871560e+005
   1.4312766901327106e+006
   1.7855250589793318e+005
   4.5823597018505057e+005
   1.3226255159350280e+006
   7.9677539523315092e+005
   1.4208529255835388e+006
   1.5344992795904968e+006
   3.6735400227582367e+005
   1.3786842865031315e+006
   1.8144758050078664e+006
   1.6833868198894795e+006
   1.3554694713531216e+006
   6.3521647959211597e+005
   4.9073792170732672e+005
   8.0487327705519390e+005
   9.7893947574692150e+005
   1.3754976614183339e+006
   2.6953410826837975e+006
   3.8075190459139855e+005
   5.1719938228238397e+005
   1.5282003329787704e+006
   6.7785326485662418e+005
   1.5092661177348148e+006
   1.4916516873415639e+006
   3.8935990866782807e+005
   1.4457655489541148e+006
   4.1184210167050303e+005
   9.4082501467205689e+005
   3.0985855692047480e+005
   1.0901674070684684e+006
   4.5979511639337172e+005
   1.2983418204920415e+006
   6.1243843501677539e+005
   1.7621188292270354e+006
   3.8121724054662693e+004
   9.5473447107116017e+005
   8.5855633359388751e+005
   2.4784179575237291e+005
   5.6084145319605386e+005
   1.4035302079821087e+006
   1.1709553219922849e+006
   2.9414970064369787e+005
   1.8878753623912847e+005
   1.3629284813775696e+005
   1.6574498454883739e+006
   2.7849387653295808e+006
   5.4109093893248777e+004
   1.3709527727794072e+006
   1.9605136443662145e+006
   6.7096483580290095e+005
   2.1602408243360175e+006
   2.6511001924586119e+006
   1.7425443673239234e+006
   4.4706955209102947e+005
   1.7764843339012824e+006
   7.1881867745466391e+005
   9.8837425317207223e+005
   6.1949440278031176e+005
   1.7583920218389225e+006
   1.1209155262442289e+006
   1.2268342051686195e+006
   2.7332056544085650e+005
   1.1551178997406079e+006
   2.7807207380942587e+005
   1.2821495609032970e+006
   2.5519920812164564e+005
   4.2567388681992906e+005
   1.6148706118511390e+006
   2.0321264657176598e+006
   8.8547193283601943e+005
   2.0931421364547740e+005
   4.4842291470613086e+005
   1.7153591456029636e+006
   5.1434420430782851e+005
   1.1455326069499154e+006
   1.7306933859460888e+005
   1.5088406453088173e+006
   1.6250096427730834e+006
   1.1117387068363556e+006
   2.0220385100356969e+006
   1.4293094366031413e+006
   5.6611699257530272e+005
   1.2381254368084490e+006
   2.6709677327888818e+006
   1.3162329109062031e+006
   3.2013703439723945e+005
   1.1500242567143033e+006
   1.4708941063011116e+006
   1.0803186582732541e+006
   7.6246197866761195e+005
   1.4941455881988821e+006
   1.0984914057437761e+006
   1.1266307188449302e+006
   1.3548096935798267e+006
   1.5052932520856760e+006
   1.7132197560826214e+006
   2.6876695722368447e+005
   9.4524030946605222e+005
   8.4109405660975468e+005
   9.9240692377021047e+005
   7.8355853819384717e+005
   2.2810696606139196e+006
   7.3019949747034104e+005
   1.6608745486637973e+006
   8.6704230220941291e+005
   1.1949886825401520e+006
   6.2123477232096554e+005
   1.9041614554213916e+006
   6.7679765408016113e+005
   1.6277946463599431e+006
   1.1589020669984119e+006
   5.8023704368064716e+005
   7.5981583402394422e+005
   7.3889332507115707e+005
   1.6754376423517945e+006
   1.1383697854350682e+006
   1.3928677747765924e+006
   1.4293581350364280e+005
   4.0615875987450604e+005
   8.7243976253319706e+005
   1.4125695115842323e+006
   1.0346304441540176e+006
   1.1548428624231948e+006
   2.0712559349477936e+006
   1.0435358162552389e+005
   1.8355909912676341e+006
   1.4834440752988528e+006
   1.2908704763811546e+005
   6.5308240656635484e+004
   1.4443984243594273e+006
   2.3210797403927933e+005
   3.8409730454509641e+005
   2.1125388276120170e+005
   3.1289388306278532e+005
   1.5357037210085613e+006
   8.6513600973466469e+005
   1.0482906433055173e+006
   1.7913537599758138e+006
   1.3965108064194741e+006
   1.5036623514349055e+006
   1.9052938845084447e+006
   4.3990988655378832e+005
   9.6501110124697397e+005
   4.4161296307196375e+006
   9.2522858290958253e+005
   8.1401888554470136e+005
   1.4674521057763905e+005
   8.2185472010773059e+005
   8.6878765107962256e+005
   5.1762942499353259e+005
   2.2779980616024206e+006
   1.2397584524390572e+006
   2.1506593012599577e+005
   1.6760775842296870e+006
   1.5020286903515866e+006
   5.8780136432856752e+005
   1.5126506263685168e+006
   2.0408405009447594e+005
   1.0275922331056463e+006
   1.0819016487094862e+006
   1.7791837958853859e+006
   1.3908305818848773e+006
   4.2269290283279552e+005
   1.2448497867307360e+006
   1.5808107565987969e+006
   1.1066944121198701e+006
   2.1271211381694460e+006
   1.1239310327608350e+006
   5.3274966314867872e+005
   1.1105311377831218e+006
   1.1717313534843905e+006
   5.3915742460546852e+005
   9.0396523620690440e+005
   2.4554141146454113e+005
   1.5465567265181835e+006
   1.6832959773940360e+006
   1.6504779742083661e+006
   1.3076062451256174e+006
   9.4561660247588647e+005
   1.5797905267592278e+005
   2.5311476630293592e+005
   6.5963049747211300e+005
   1.4944415169668307e+006
   9.5213936501182709e+005
   6.4844009414619638e+005
   5.9676982406920171e+005
   1.2602436288923773e+006
   6.5161924048054521e+005
   1.0045532769695248e+006
   5.2356875396964169e+005
   8.6768023002784315e+005
   3.3400927397230424e+002
   8.4916279910730058e+005
   9.3796909777718608e+005
   2.7237633332709392e+005
   3.2711157998439465e+006
   1.5358459445918964e+006
   2.0459066041368139e+006
   1.4330094103749082e+006
   1.1827137644077577e+006
   2.5161595984270197e+005
   1.7805023972644755e+006
   6.7116059612476514e+004
   9.6107872351507284e+005
   4.6639431326873694e+005
   1.3591535646261910e+006
   1.6423057239476773e+006
   7.7397376105894998e+005
   2.1923599256320535e+006
   4.4970623756604525e+005
   7.7688924133249349e+005
   2.6335702254558995e+005
