% This file shows posteriors plots
% ns  - set to 1 for 1-step smoothing of 2D contours
% ns1 - set to 1 for 1-step smoothing of 1D histgrams
ns  = 0;
ns1 = 0;
if exist('noCLF') 
   hold off
else
   clf
end;
active = [
1
1
1
1
1
];
L = [
-1.000000e+01 -1.000000e+01 -1.000000e+01 -1.000000e+01 -1.000000e+01 ];
U = [
1.000000e+01 1.000000e+01 1.000000e+01 1.000000e+01 1.000000e+01 ];
iStr = {
'Rosenbrock.x1','Rosenbrock.x3','Rosenbrock.x4','Rosenbrock.x5','Rosenbrock.x6'};
X = zeros(5,20);
D = zeros(5,20);
NC = zeros(5,5,20,20);
X(1,:) = [
-9.500000e+00 -8.500000e+00 -7.500000e+00 -6.500000e+00 -5.500000e+00 -4.500000e+00 -3.500000e+00 -2.500000e+00 -1.500000e+00 -5.000000e-01 5.000000e-01 1.500000e+00 2.500000e+00 3.500000e+00 4.500000e+00 5.500000e+00 6.500000e+00 7.500000e+00 8.500000e+00 9.500000e+00 ];
D(1,:) = [
4.981284e-02 4.998350e-02 4.976712e-02 5.087968e-02 4.973412e-02 4.980672e-02 4.977372e-02 5.114321e-02 4.885160e-02 5.053648e-02 5.022911e-02 5.067461e-02 5.070290e-02 4.872008e-02 4.956912e-02 5.040873e-02 5.035498e-02 4.929380e-02 5.025504e-02 4.950264e-02 ];
NC(1,2,:,:) = [
5166 5725 5115 4923 4896 5203 4625 5358 5211 5773 5136 5830 5431 5466 5327 5290 5036 5557 4781 5807 
5067 4868 5517 5600 5600 4955 5329 5442 5517 5268 5426 4846 5679 5253 5249 5138 5694 5242 5282 5045 
5087 4983 5441 5435 5086 5647 5093 4807 5677 4906 4947 5487 5814 5490 5081 5002 5574 5612 5420 4970 
5363 5856 5557 5618 5180 5262 5379 5845 5402 5387 4769 5751 5295 5582 5269 5135 5459 5460 5168 5181 
6013 5080 5489 5396 4858 5861 5327 5438 4963 5188 5230 4595 4984 5348 4978 5457 5495 5542 5085 5164 
5535 5200 5233 4856 5316 5268 5887 5442 5138 5095 5139 5158 4999 4891 5131 5246 5534 5327 5534 5714 
5541 5621 5662 4990 5048 6016 5171 5560 5757 5503 5270 4731 4843 5000 5223 5365 4933 5084 5509 4744 
5754 5290 5135 5126 5613 5405 5606 5403 5329 5077 5041 5741 5561 5946 5603 5285 4996 5591 5240 5734 
4884 4895 5317 5067 5223 5243 4945 5347 5117 5463 5291 4828 5582 5154 5425 5109 4855 4874 5433 5562 
5365 4907 5311 5604 6058 5361 5271 5119 5177 5441 5314 5468 5115 5232 5558 5263 5304 5444 5373 5504 
5326 5768 5698 5259 5424 4859 5503 5390 5620 4869 4732 4922 5527 5323 5344 5377 5510 5260 5383 5442 
5193 5337 5446 5247 5166 4702 5370 5446 5561 5256 5851 5575 5229 5541 5401 5318 5645 5457 5312 5428 
5594 5198 5486 5012 5520 5483 5945 5290 4977 5395 5291 5133 5157 5395 5293 5867 4937 5432 5350 5788 
4539 5184 5475 5206 5246 5831 5368 4904 4732 4730 5234 5293 5305 5251 5322 5130 5071 5571 5034 4912 
5182 5433 5440 5399 5407 4961 5024 5180 5335 5329 4788 5616 5466 5290 4992 5151 5181 5387 5118 5459 
5296 5754 5082 5290 5032 5677 5947 4770 5273 5751 5447 5520 5400 5170 5210 4971 5161 5929 4646 5594 
4797 5142 5246 5767 5491 5561 5305 5231 5506 5249 5525 5542 5845 5425 5363 5611 4844 5229 5199 4925 
5360 5202 5062 4805 4865 5175 5151 5062 5330 5483 4985 5499 4977 5110 5609 4934 5412 5355 5842 5336 
5201 5510 5184 5717 5774 5132 5017 4969 5229 4710 5753 5537 6366 4995 5120 5338 5778 5222 4705 5335 
5390 5608 5999 4795 5346 5817 4946 4674 5036 4967 5408 5502 5505 5167 4799 5395 5047 4983 5084 5529 
]';
NC(1,3,:,:) = [
5374 4729 5550 5291 4814 5781 5232 5639 5427 5804 5126 5204 5740 5024 5431 4617 4961 5268 5450 5191 
5306 5469 5375 5061 5023 4625 4850 4756 5547 5585 5106 5490 4990 5760 5839 5177 5364 5629 5779 5286 
4785 4913 5323 4656 4893 5478 5410 5529 5291 5432 5337 4971 5082 5374 5582 5723 5212 5821 5146 5601 
5682 5443 5485 5543 5956 5440 5808 5391 5850 4987 5283 5104 5293 5219 5722 5275 4730 5090 5252 5365 
5654 4952 5539 5485 5336 5006 5211 5157 5181 4970 5453 5669 5740 4483 5719 5252 5478 4876 4949 5379 
4870 5337 4879 5623 5625 5491 4983 4772 5181 5183 5508 4989 5721 5855 5255 5875 5441 5207 5336 4511 
4726 4860 5282 4756 5089 4766 5215 5197 5201 5610 5260 5491 5299 5527 5289 5613 4962 5488 5908 6033 
5397 4935 5814 5326 5341 5133 5596 5547 5104 5339 5302 5803 6113 5585 5907 4770 5131 5273 5140 5920 
5185 5497 5055 5060 5223 5347 5386 4659 5145 4819 5163 5547 5294 5395 4967 5206 5034 5176 5563 4896 
5603 5583 4812 5612 5208 5094 4753 5431 5514 5120 5434 5123 5660 5696 5121 4959 6152 5285 5308 5719 
5254 5438 4946 5162 5215 5728 5530 5164 5260 5051 5436 5276 5585 5036 5539 5689 5563 5352 5468 4847 
5042 5285 5279 5663 5575 4948 5622 5454 5648 5141 5066 5299 5196 5080 5811 5674 5513 5536 5416 5233 
5393 5187 4586 5333 5570 5849 5316 6224 4856 5491 5145 5588 5099 5583 5657 5610 5339 5324 5150 5244 
4879 4866 5202 5800 4981 4865 5453 5451 5204 4971 5260 5337 5471 5138 5153 4838 5148 5092 5300 4928 
4692 4517 5680 5851 5350 5662 4794 5745 5957 5202 5179 5144 5175 5315 4764 4951 4910 5513 5174 5561 
5160 5713 5391 5922 5324 5161 5568 5181 5337 5143 5765 4522 4928 5737 5069 5837 5740 5307 4935 5178 
5091 6088 5476 4919 5174 5236 5564 5105 5453 5646 4910 5240 5792 5283 5926 4681 5273 5118 5360 5470 
4899 5274 5069 5271 5504 4523 5201 5068 5456 5339 5333 5411 4772 5924 5512 4971 5061 5439 5480 5048 
5475 5617 5554 5399 4966 4988 5475 5376 5164 4989 5509 5488 5404 5326 5163 4926 5010 5122 5678 5966 
5813 5477 5616 5364 4943 5237 5200 5433 4973 5260 4506 5564 5716 5611 5152 5221 4520 4910 5408 5074 
]';
NC(1,4,:,:) = [
5481 5749 5350 5127 4910 5011 5837 5590 5551 4897 5635 5207 5034 5228 4582 5198 5234 5357 5490 5186 
5239 4959 5021 5720 5410 5110 5655 5490 5010 5420 5330 5307 5712 4605 5148 5485 5010 5648 5135 5602 
5043 6095 4626 5641 5361 4923 5832 5492 5418 5417 5149 5693 5246 5011 5457 5000 5041 4679 4921 5513 
5637 5899 5218 5228 5027 5474 5424 5837 5164 4918 5711 5053 5422 5691 5610 5466 5328 5393 5371 5045 
5366 5270 5361 4820 5648 5074 5697 5357 5184 5169 5111 5014 5496 4990 5317 5505 5286 4913 5286 5623 
5602 4656 5691 5445 5417 5175 5600 5182 5170 5517 5633 5520 5191 5104 4759 5404 5168 5240 5007 5163 
5406 5310 4624 4833 5132 5928 5121 5609 5381 5056 5402 4938 5285 5083 5044 5209 5859 5443 5778 5131 
5815 5399 5155 5716 5223 5774 5529 5669 5654 5848 4455 5267 5530 5340 6183 5056 5048 5505 5494 4817 
5203 5097 5150 5067 5050 5300 6128 5009 5690 5113 4394 4878 5147 4936 5527 5346 4928 5044 5585 5025 
5702 5381 5572 5970 5054 5504 5358 5337 5209 5541 5210 4996 5512 5648 4926 4712 5645 5028 5410 5475 
5372 4732 5448 5084 5463 5409 5760 4974 5539 5169 5330 5441 5110 5371 4734 5302 5522 5361 5753 5662 
4921 4491 5286 6074 5518 6029 5531 4838 5825 5170 5305 5689 5650 5408 5234 5517 5100 5190 5297 5408 
5324 5796 5734 5610 5597 5605 5745 5187 5167 5479 5089 5166 4896 5374 5584 5419 5642 4843 5043 5243 
5304 4880 5486 4877 5542 5974 4997 4896 5229 5464 4998 5010 5068 5221 5016 5166 5292 5033 4914 4968 
4561 5439 5477 5552 4712 5022 5184 5399 5327 5250 5516 5361 5011 5238 5710 4630 5757 5553 5328 5109 
5384 4993 5688 5364 5118 4873 5187 5360 5419 5831 5460 5339 5550 5543 5515 5728 4997 5182 4901 5486 
5778 5591 5738 5320 5546 5300 5341 5384 5114 5711 6179 5130 5204 5174 5094 5489 4653 5144 4909 5004 
5668 5114 5441 5284 5213 4914 5437 4975 5173 5269 4859 5319 5007 4947 4937 5685 5208 5864 5010 5230 
5615 5236 5410 4997 5330 5380 5165 5364 4941 6004 5691 5433 5427 5444 5088 5351 5017 5326 5025 5348 
5500 5053 5495 4865 5621 5202 5461 5595 5208 5579 5591 5474 4923 5241 4823 5078 5192 4892 4997 5208 
]';
NC(1,5,:,:) = [
5160 4757 5338 5744 5532 5048 5702 5014 4954 5459 5781 5077 4902 5482 4904 5421 5092 5900 5224 5163 
5738 5042 5641 5070 5668 5526 5088 4959 5211 5208 5671 5107 4961 5419 5128 4747 5862 5396 5132 5443 
4907 6168 5416 4668 5245 5123 5050 5153 5095 5440 5193 5153 5113 5273 5533 5439 5889 4878 5387 5436 
4337 5410 5027 5509 5227 6112 5263 5062 5653 5191 5804 5498 5894 5263 5301 5484 5306 5846 5376 5355 
5722 5242 5432 4937 5400 5262 5053 5146 4940 5494 5495 5129 4996 5851 5307 5918 5786 4666 4625 5086 
5723 5284 5264 5534 5223 5069 5304 5106 5482 5222 5689 5341 5558 4998 5190 5331 5493 4379 5299 5151 
5288 5685 5225 5281 4947 5148 4644 5361 5033 5533 5244 5616 5071 5626 4798 5206 5806 5107 5841 5111 
5088 5352 6055 5327 5322 5039 5297 4958 5673 5535 5247 5888 5365 5686 4516 6217 5692 5348 5335 5535 
5105 4569 5090 5187 5478 4335 5632 5077 5205 5921 5224 5579 5135 5244 5516 4994 4607 5049 5346 5323 
5911 5576 5648 5288 5439 5282 4972 5382 5035 5730 5284 5690 5667 5651 4845 5259 5355 4915 5309 4953 
5535 6321 4917 5284 5303 4915 5184 5284 5978 5340 5288 5572 5324 5168 5335 5086 5379 5218 5187 4918 
5037 5088 5205 5052 5419 5457 5378 4994 4825 5612 5385 5483 5836 5808 5728 5516 5229 5761 5257 5412 
5267 5381 5066 5168 5329 5518 5885 5494 5362 5575 5650 5132 5243 5425 5761 5340 5438 5047 5319 5144 
5226 5152 5406 4976 5556 4954 4918 5746 4840 5869 5497 5342 4763 4972 4762 5229 5072 5399 4776 4880 
5094 5248 5359 5034 5461 5514 4942 5366 5520 5558 5686 5188 4605 5321 5423 5323 4784 4899 5302 5511 
5685 5476 5279 5186 5321 5440 5189 5207 5532 5440 5518 5607 5031 5730 5549 5244 5440 4926 4779 5341 
5819 5166 4806 5288 5861 5419 4685 5380 5399 5312 5537 5817 5034 5344 5243 5741 4820 5664 5362 5108 
4952 5092 5086 5245 5381 4902 5271 5165 5707 5132 5472 5227 5302 5132 4801 5764 5105 5010 5338 5469 
5300 5225 5187 5613 5125 5536 5571 5421 5597 4960 4901 4826 5068 5874 5337 5448 5336 5602 5369 5294 
4935 5460 6270 5113 4901 5151 5403 5209 5132 4787 5654 5842 5184 4899 4987 5147 5112 5434 4966 5411 
]';
NC(2,1,:,:) = [
5166 5067 5087 5363 6013 5535 5541 5754 4884 5365 5326 5193 5594 4539 5182 5296 4797 5360 5201 5390 
5725 4868 4983 5856 5080 5200 5621 5290 4895 4907 5768 5337 5198 5184 5433 5754 5142 5202 5510 5608 
5115 5517 5441 5557 5489 5233 5662 5135 5317 5311 5698 5446 5486 5475 5440 5082 5246 5062 5184 5999 
4923 5600 5435 5618 5396 4856 4990 5126 5067 5604 5259 5247 5012 5206 5399 5290 5767 4805 5717 4795 
4896 5600 5086 5180 4858 5316 5048 5613 5223 6058 5424 5166 5520 5246 5407 5032 5491 4865 5774 5346 
5203 4955 5647 5262 5861 5268 6016 5405 5243 5361 4859 4702 5483 5831 4961 5677 5561 5175 5132 5817 
4625 5329 5093 5379 5327 5887 5171 5606 4945 5271 5503 5370 5945 5368 5024 5947 5305 5151 5017 4946 
5358 5442 4807 5845 5438 5442 5560 5403 5347 5119 5390 5446 5290 4904 5180 4770 5231 5062 4969 4674 
5211 5517 5677 5402 4963 5138 5757 5329 5117 5177 5620 5561 4977 4732 5335 5273 5506 5330 5229 5036 
5773 5268 4906 5387 5188 5095 5503 5077 5463 5441 4869 5256 5395 4730 5329 5751 5249 5483 4710 4967 
5136 5426 4947 4769 5230 5139 5270 5041 5291 5314 4732 5851 5291 5234 4788 5447 5525 4985 5753 5408 
5830 4846 5487 5751 4595 5158 4731 5741 4828 5468 4922 5575 5133 5293 5616 5520 5542 5499 5537 5502 
5431 5679 5814 5295 4984 4999 4843 5561 5582 5115 5527 5229 5157 5305 5466 5400 5845 4977 6366 5505 
5466 5253 5490 5582 5348 4891 5000 5946 5154 5232 5323 5541 5395 5251 5290 5170 5425 5110 4995 5167 
5327 5249 5081 5269 4978 5131 5223 5603 5425 5558 5344 5401 5293 5322 4992 5210 5363 5609 5120 4799 
5290 5138 5002 5135 5457 5246 5365 5285 5109 5263 5377 5318 5867 5130 5151 4971 5611 4934 5338 5395 
5036 5694 5574 5459 5495 5534 4933 4996 4855 5304 5510 5645 4937 5071 5181 5161 4844 5412 5778 5047 
5557 5242 5612 5460 5542 5327 5084 5591 4874 5444 5260 5457 5432 5571 5387 5929 5229 5355 5222 4983 
4781 5282 5420 5168 5085 5534 5509 5240 5433 5373 5383 5312 5350 5034 5118 4646 5199 5842 4705 5084 
5807 5045 4970 5181 5164 5714 4744 5734 5562 5504 5442 5428 5788 4912 5459 5594 4925 5336 5335 5529 
]';
X(2,:) = [
-9.500000e+00 -8.500000e+00 -7.500000e+00 -6.500000e+00 -5.500000e+00 -4.500000e+00 -3.500000e+00 -2.500000e+00 -1.500000e+00 -5.000000e-01 5.000000e-01 1.500000e+00 2.500000e+00 3.500000e+00 4.500000e+00 5.500000e+00 6.500000e+00 7.500000e+00 8.500000e+00 9.500000e+00 ];
D(2,:) = [
4.981242e-02 5.024000e-02 5.086936e-02 4.955785e-02 5.004578e-02 5.064496e-02 5.007312e-02 4.935183e-02 4.992226e-02 4.942868e-02 4.930469e-02 5.024613e-02 5.095516e-02 4.998873e-02 4.964412e-02 4.968513e-02 4.972379e-02 5.071002e-02 4.926792e-02 5.052805e-02 ];
NC(2,3,:,:) = [
4974 5245 5253 5197 5202 5279 5281 4958 4834 5035 5401 5004 4987 5900 6195 5438 5170 5482 5615 5203 
5422 5272 5720 5421 5405 5294 4956 5429 5529 4936 5311 5508 4682 5440 5696 5325 4938 5458 5305 5512 
5686 5745 5179 5355 5443 5147 5422 5163 5512 5363 4889 5185 5344 5479 5868 5385 5889 5495 5207 5140 
5194 5248 4593 4559 5434 5302 5488 5035 6353 5409 5585 5048 5515 5128 4804 5734 5422 4954 5493 4814 
5491 5553 5456 5866 5669 4712 5161 4942 5929 5144 5243 4894 4877 5286 5540 5384 5186 5341 5145 5330 
4996 5251 4698 5517 4806 5282 5561 5310 5816 4933 5533 5190 5343 5596 5522 5131 5340 5875 6013 5707 
4987 4850 5325 5579 4835 5671 5097 5260 4971 5209 4821 5442 5708 6025 5749 5529 4876 5160 5499 5614 
4501 5235 4848 5951 5010 5359 5719 5124 5262 5169 5404 5071 5268 4569 5768 5402 5297 5237 5131 5352 
5483 5031 5094 4612 5360 4965 5121 5416 5572 5497 4862 5615 5674 5786 5070 5550 5199 5193 5702 5082 
5197 5250 5544 5396 5213 5433 5283 5325 5497 5149 4820 5227 5221 5126 5165 5157 5407 5055 5621 4753 
5159 5158 5048 5444 4405 5448 5242 5614 5132 5462 5134 5775 5185 6073 5587 5129 4880 4589 4735 5377 
5638 5235 5155 5466 5509 4759 5462 5362 4960 5247 5286 5575 5337 4888 5199 6084 5506 5155 5208 5541 
4932 5648 5698 4951 5744 5378 4959 5618 5231 5325 5420 5552 5994 5464 5324 5072 5292 5727 5380 5369 
4769 5096 5274 5492 5632 5054 5424 5770 5035 5575 5147 5296 5643 5506 5361 4818 5384 5377 5880 4495 
4496 5426 5467 5379 5923 5732 5211 4997 5556 5286 5455 5415 5343 5052 4795 4638 5209 5152 5227 5537 
5176 5068 4527 5440 4725 5558 5830 5616 5247 5167 5437 5929 5558 5294 5211 5036 4873 5511 5130 5050 
5293 5689 5512 4895 4802 4957 5807 5437 5188 5361 5156 4848 5866 5153 5515 5004 5314 5013 5128 5526 
5722 4918 5923 5496 5365 4766 5405 5730 5397 5295 5313 5060 5700 5193 5238 5350 4806 5567 5535 5778 
5650 5014 5714 5558 5306 4723 4743 4721 4816 4960 5348 5792 5269 5457 5777 4648 4976 5253 4969 5804 
5514 5245 5886 5522 5323 5537 4994 5450 4910 5559 5516 4834 5554 5532 5190 5049 5579 5234 5278 5465 
]';
NC(2,4,:,:) = [
5181 5186 5123 5255 5156 5269 5805 5307 5262 5614 5085 5300 5445 5060 4751 5331 5195 5253 5657 5417 
5600 5071 5183 5034 5294 5100 5250 5698 5479 5603 5552 5652 5191 5040 4772 5468 5506 5174 5595 5298 
5443 5130 5177 5567 5666 5756 5618 4835 4906 5663 5571 5153 5445 5720 5139 5662 5270 5114 5632 5428 
5425 4696 5568 5719 5260 5001 5103 5539 5370 5303 5169 4805 5120 5103 5411 5141 5036 5109 5475 5760 
5466 5216 5375 5096 5013 5218 5546 5229 5585 5341 5715 5562 5510 5159 5681 4788 4899 5785 4964 5000 
5497 5207 4952 5777 5852 5204 5370 5197 5226 5368 5368 5680 5489 5195 4732 5692 5441 5047 5444 5680 
4960 4966 5448 5169 5259 5284 5373 4718 5033 5814 5856 5101 5022 5466 5948 5751 5649 5103 4991 5294 
5484 5183 4934 5085 5339 5617 4988 5376 5406 5624 5739 4945 4808 5348 4804 5475 4718 5768 4857 5177 
5564 5716 5347 4855 5574 5357 5435 5887 4999 5060 5082 5643 5215 5211 5518 4852 5062 5224 4852 5435 
5364 5331 5774 5589 5058 5259 5208 4785 5543 5407 4751 4789 5252 5463 5261 5275 5196 5224 5459 4850 
5145 5000 5215 5366 5044 4911 5519 5526 5215 5470 4711 5563 5890 5071 5146 4980 5530 5754 4685 4833 
5454 5527 5224 5231 5473 5868 5405 5138 4848 5352 5447 5425 4687 5511 4696 5419 5395 5475 5603 5395 
5597 5421 5748 5104 4935 5134 5525 5159 5411 5856 5156 5926 5593 5394 5174 5903 5230 5273 5325 5214 
5296 4823 5101 5493 5732 5697 5951 5432 5897 5370 5231 5229 5181 5309 5364 4856 4896 4846 5194 5128 
5299 5172 5842 5420 5193 5562 5720 5022 5699 5254 4862 5342 5180 4879 5301 5072 5484 5015 4902 5077 
5333 5256 5323 5459 5507 4907 5489 5565 4847 4805 5690 4661 5211 5031 5933 5705 5255 5066 5355 4986 
5545 5569 5633 5695 5177 5528 5255 5468 5310 4706 5359 4656 5210 5374 4753 5025 5057 5069 5732 5345 
5469 5612 5384 5095 5353 5391 5915 5580 5948 5206 5608 5172 5553 5641 5435 4979 5149 4944 5263 4861 
5381 5517 5252 5000 4790 5682 5583 5831 5168 5284 5039 4956 4925 4577 5170 4744 5604 5440 4949 5606 
5418 5540 5369 5584 5218 5237 5931 5249 5223 5723 5055 5676 5493 5047 5299 5627 5353 4953 4717 5461 
]';
NC(2,5,:,:) = [
5412 5661 5427 5163 4721 4911 5172 4833 5550 5162 5867 5622 5511 5354 5341 5042 5193 5471 5147 5096 
5171 5044 5148 5036 5393 5267 5267 4880 5463 5700 5365 5397 5473 5936 5201 5478 5018 5171 5443 5710 
5678 5453 5110 5112 5364 4803 5347 6029 5392 5707 6010 5408 5590 5525 5244 5655 5212 4664 5245 5347 
5205 5653 4908 4691 5933 5717 4990 5227 5226 5283 5647 5227 4936 5773 4652 5035 5369 5270 5099 5271 
5201 5116 5580 5009 5731 5221 4915 4955 5458 5798 5788 5554 5192 5891 5227 5066 5349 4843 4827 5427 
5414 5102 5762 5422 5565 5224 5645 5362 5280 5578 5774 5405 4964 5305 5486 4923 4983 5428 5043 5754 
5208 5084 5558 5931 5397 5262 5018 4984 5215 5657 5540 5603 5330 5370 5329 4904 5037 5308 5158 5315 
4996 5247 4988 5480 5534 5134 5156 5019 5333 4831 5679 5468 4848 5366 4466 5636 5621 5314 5679 4882 
5807 5454 5697 5111 4578 5485 5171 5484 5196 4771 5100 5369 4731 5139 5409 5374 5349 5328 5811 5524 
5077 5524 5575 4919 4927 5521 5211 4925 4927 5173 5257 5217 5287 5678 5288 5503 5137 4943 5385 5366 
4943 5582 4788 5563 5443 5195 5233 5039 5277 5676 5213 5001 4849 5086 5063 4928 5853 5098 5341 5407 
4658 5539 5287 5718 5465 5677 4985 5833 5472 5464 5115 5539 5290 5173 5288 5292 5227 5152 5137 5263 
5579 5257 5619 5660 5291 5429 5547 5603 5314 6010 5483 5618 4844 5675 4766 5437 5617 5156 5837 4337 
5469 5135 5427 5180 5370 5407 5463 4986 5388 5370 5100 5948 5134 4958 5511 5789 4747 5498 4892 5254 
5393 4928 5023 4977 5560 5306 5309 5209 5210 5518 4768 5000 5750 5110 5436 5691 5871 5186 5159 4891 
5312 5155 5583 4964 4941 4732 5071 5593 5289 5367 5343 5869 5378 5786 5011 5755 5163 4905 5024 5141 
5235 5780 4614 4749 5383 5267 4856 5343 5713 5537 5477 5435 4929 4890 5601 5508 5737 5458 4787 5165 
5306 5869 5734 5696 5594 4682 5245 4918 5500 5262 5506 5339 4979 5669 5179 5678 5476 5527 5228 5169 
5404 4921 5417 5265 5208 5206 5667 5161 4447 4972 5876 4842 5288 5076 5438 5399 5285 5236 5325 5066 
5360 5190 5474 4859 5744 5300 5162 5101 5522 5482 5315 5255 5751 5402 5028 5763 5358 5489 4958 5659 
]';
NC(3,1,:,:) = [
5374 5306 4785 5682 5654 4870 4726 5397 5185 5603 5254 5042 5393 4879 4692 5160 5091 4899 5475 5813 
4729 5469 4913 5443 4952 5337 4860 4935 5497 5583 5438 5285 5187 4866 4517 5713 6088 5274 5617 5477 
5550 5375 5323 5485 5539 4879 5282 5814 5055 4812 4946 5279 4586 5202 5680 5391 5476 5069 5554 5616 
5291 5061 4656 5543 5485 5623 4756 5326 5060 5612 5162 5663 5333 5800 5851 5922 4919 5271 5399 5364 
4814 5023 4893 5956 5336 5625 5089 5341 5223 5208 5215 5575 5570 4981 5350 5324 5174 5504 4966 4943 
5781 4625 5478 5440 5006 5491 4766 5133 5347 5094 5728 4948 5849 4865 5662 5161 5236 4523 4988 5237 
5232 4850 5410 5808 5211 4983 5215 5596 5386 4753 5530 5622 5316 5453 4794 5568 5564 5201 5475 5200 
5639 4756 5529 5391 5157 4772 5197 5547 4659 5431 5164 5454 6224 5451 5745 5181 5105 5068 5376 5433 
5427 5547 5291 5850 5181 5181 5201 5104 5145 5514 5260 5648 4856 5204 5957 5337 5453 5456 5164 4973 
5804 5585 5432 4987 4970 5183 5610 5339 4819 5120 5051 5141 5491 4971 5202 5143 5646 5339 4989 5260 
5126 5106 5337 5283 5453 5508 5260 5302 5163 5434 5436 5066 5145 5260 5179 5765 4910 5333 5509 4506 
5204 5490 4971 5104 5669 4989 5491 5803 5547 5123 5276 5299 5588 5337 5144 4522 5240 5411 5488 5564 
5740 4990 5082 5293 5740 5721 5299 6113 5294 5660 5585 5196 5099 5471 5175 4928 5792 4772 5404 5716 
5024 5760 5374 5219 4483 5855 5527 5585 5395 5696 5036 5080 5583 5138 5315 5737 5283 5924 5326 5611 
5431 5839 5582 5722 5719 5255 5289 5907 4967 5121 5539 5811 5657 5153 4764 5069 5926 5512 5163 5152 
4617 5177 5723 5275 5252 5875 5613 4770 5206 4959 5689 5674 5610 4838 4951 5837 4681 4971 4926 5221 
4961 5364 5212 4730 5478 5441 4962 5131 5034 6152 5563 5513 5339 5148 4910 5740 5273 5061 5010 4520 
5268 5629 5821 5090 4876 5207 5488 5273 5176 5285 5352 5536 5324 5092 5513 5307 5118 5439 5122 4910 
5450 5779 5146 5252 4949 5336 5908 5140 5563 5308 5468 5416 5150 5300 5174 4935 5360 5480 5678 5408 
5191 5286 5601 5365 5379 4511 6033 5920 4896 5719 4847 5233 5244 4928 5561 5178 5470 5048 5966 5074 
]';
NC(3,2,:,:) = [
4974 5422 5686 5194 5491 4996 4987 4501 5483 5197 5159 5638 4932 4769 4496 5176 5293 5722 5650 5514 
5245 5272 5745 5248 5553 5251 4850 5235 5031 5250 5158 5235 5648 5096 5426 5068 5689 4918 5014 5245 
5253 5720 5179 4593 5456 4698 5325 4848 5094 5544 5048 5155 5698 5274 5467 4527 5512 5923 5714 5886 
5197 5421 5355 4559 5866 5517 5579 5951 4612 5396 5444 5466 4951 5492 5379 5440 4895 5496 5558 5522 
5202 5405 5443 5434 5669 4806 4835 5010 5360 5213 4405 5509 5744 5632 5923 4725 4802 5365 5306 5323 
5279 5294 5147 5302 4712 5282 5671 5359 4965 5433 5448 4759 5378 5054 5732 5558 4957 4766 4723 5537 
5281 4956 5422 5488 5161 5561 5097 5719 5121 5283 5242 5462 4959 5424 5211 5830 5807 5405 4743 4994 
4958 5429 5163 5035 4942 5310 5260 5124 5416 5325 5614 5362 5618 5770 4997 5616 5437 5730 4721 5450 
4834 5529 5512 6353 5929 5816 4971 5262 5572 5497 5132 4960 5231 5035 5556 5247 5188 5397 4816 4910 
5035 4936 5363 5409 5144 4933 5209 5169 5497 5149 5462 5247 5325 5575 5286 5167 5361 5295 4960 5559 
5401 5311 4889 5585 5243 5533 4821 5404 4862 4820 5134 5286 5420 5147 5455 5437 5156 5313 5348 5516 
5004 5508 5185 5048 4894 5190 5442 5071 5615 5227 5775 5575 5552 5296 5415 5929 4848 5060 5792 4834 
4987 4682 5344 5515 4877 5343 5708 5268 5674 5221 5185 5337 5994 5643 5343 5558 5866 5700 5269 5554 
5900 5440 5479 5128 5286 5596 6025 4569 5786 5126 6073 4888 5464 5506 5052 5294 5153 5193 5457 5532 
6195 5696 5868 4804 5540 5522 5749 5768 5070 5165 5587 5199 5324 5361 4795 5211 5515 5238 5777 5190 
5438 5325 5385 5734 5384 5131 5529 5402 5550 5157 5129 6084 5072 4818 4638 5036 5004 5350 4648 5049 
5170 4938 5889 5422 5186 5340 4876 5297 5199 5407 4880 5506 5292 5384 5209 4873 5314 4806 4976 5579 
5482 5458 5495 4954 5341 5875 5160 5237 5193 5055 4589 5155 5727 5377 5152 5511 5013 5567 5253 5234 
5615 5305 5207 5493 5145 6013 5499 5131 5702 5621 4735 5208 5380 5880 5227 5130 5128 5535 4969 5278 
5203 5512 5140 4814 5330 5707 5614 5352 5082 4753 5377 5541 5369 4495 5537 5050 5526 5778 5804 5465 
]';
X(3,:) = [
-9.500000e+00 -8.500000e+00 -7.500000e+00 -6.500000e+00 -5.500000e+00 -4.500000e+00 -3.500000e+00 -2.500000e+00 -1.500000e+00 -5.000000e-01 5.000000e-01 1.500000e+00 2.500000e+00 3.500000e+00 4.500000e+00 5.500000e+00 6.500000e+00 7.500000e+00 8.500000e+00 9.500000e+00 ];
D(3,:) = [
4.916513e-02 4.958800e-02 4.993497e-02 5.049078e-02 4.955641e-02 4.920143e-02 5.005377e-02 5.010657e-02 5.032908e-02 4.954321e-02 4.954227e-02 5.009855e-02 5.095136e-02 5.089479e-02 5.118991e-02 4.944044e-02 4.928911e-02 4.989490e-02 5.054216e-02 5.018718e-02 ];
NC(3,4,:,:) = [
5129 5424 5333 5165 4910 4866 4929 5385 5217 5141 5650 5154 4974 4996 5335 5239 5338 5030 5360 5706 
5282 5377 5312 5526 4512 4761 5649 5257 4615 5899 5542 5201 4531 5179 5202 5532 5457 5262 5534 5548 
4986 5350 5234 5556 5097 5657 5350 4961 5093 5194 5204 5556 5641 5122 5242 5535 5729 4699 5337 5371 
5663 5495 5119 5147 5357 5467 5806 6087 5345 5123 5423 5235 5763 4717 5167 5515 4932 5047 5955 4730 
5341 5420 5302 5176 5267 4904 5549 4980 5452 5441 4861 5023 4755 5204 5612 5339 5629 5276 5136 5443 
5089 5065 5291 5163 5530 5141 5558 5220 5246 4996 5604 5026 5204 4506 5360 4950 5434 5545 5128 5300 
5064 4697 5422 5529 5274 5733 5020 5707 5521 5234 5610 5534 5127 5691 5591 5220 5390 5037 4895 4869 
5194 4746 5047 5044 4856 5370 5048 5542 5467 5531 5340 5632 5379 5668 4871 5352 5267 5630 5504 5789 
5434 5313 5542 5510 5134 5476 5477 5541 4928 5900 5787 5186 5359 5415 5373 5137 5286 5179 4881 4892 
5407 5420 5049 4868 5297 5171 5602 5607 5784 5767 5400 4758 5007 5102 5542 5188 4292 5172 5198 5451 
5418 4929 5229 5584 5517 5329 5412 5804 5436 5437 5107 4793 5646 5213 4878 5086 4965 5395 5110 4792 
5813 5149 5646 4839 5618 5235 6056 5338 5691 4721 5203 5142 5118 5422 5454 5232 5433 5286 4892 4972 
5537 5565 5743 5366 5760 5842 5494 4758 5127 5611 5006 5214 5190 5203 4940 5380 5346 5466 5036 6486 
5753 5415 5266 5369 4930 5281 5612 4661 5612 5414 5120 5521 5822 5702 5247 5634 5433 5189 5617 5352 
5087 5499 5643 4869 5143 5650 5574 5398 5492 5664 5794 5865 5490 5667 4549 5665 5002 5872 5582 5070 
5536 5096 4832 6057 6194 5399 5243 5065 5489 5290 4569 4950 4866 5163 5172 5259 4948 4901 5759 5076 
5404 4910 5727 5067 5516 5865 5649 5200 4904 5692 5160 5251 5337 5171 5157 5013 4924 4870 5271 4457 
5682 5163 5340 5515 5360 5106 5490 5543 5307 4762 5327 4878 5459 5047 5415 5530 5612 5211 4941 5137 
6287 5747 5321 6078 5475 5338 5662 5383 5163 5563 5030 5617 5356 4980 5385 4927 4953 5036 4578 5322 
4815 5361 5574 5164 5144 5393 5811 5105 5485 5441 5310 5700 5397 5431 4794 5012 5557 5535 4936 5483 
]';
NC(3,5,:,:) = [
5494 5537 5041 5283 5126 5601 4885 5069 5140 4893 5525 5758 5040 5343 5191 5408 4601 5256 5202 4888 
4912 5927 4567 5088 5350 5435 5451 5091 4687 5417 5554 4940 5134 5851 5159 5856 4872 5663 5108 5115 
4770 5795 5308 5427 5586 5166 5421 5062 5298 5779 5426 5260 5219 5226 5510 5032 5403 4822 4980 5424 
5185 5047 5473 5343 5598 5864 5428 5405 5819 5520 5160 5129 5091 5753 5233 5310 5808 5004 4709 5215 
5293 5239 4965 5502 5358 4897 4626 5645 5183 5864 5591 5713 4999 5521 5080 5213 5122 5252 5137 4911 
5271 5493 5681 5028 4782 5414 4874 4825 6023 5041 5544 5079 4967 5580 4927 5218 5200 5296 4757 5359 
5225 5496 5177 5273 5331 5136 4745 5100 4863 5269 5278 5545 5624 5682 5532 5953 5073 5008 5689 5167 
5730 5479 5232 5663 5099 5045 5086 5026 5259 5162 5297 5707 5550 5414 5282 5246 5082 5223 5279 5417 
5659 5272 5683 5119 5449 4700 4853 5394 5301 5510 5627 5648 5279 6055 4993 5746 5493 5087 5008 4873 
5139 4971 5528 5395 5144 4716 5644 5572 5607 5009 5530 5377 4645 5087 5025 5109 5686 4988 5377 5532 
5474 4893 5722 5201 4852 5222 5649 5049 5356 5435 5381 5453 4954 5066 5045 5511 5376 5587 5041 4812 
5092 5027 5725 5109 5534 5300 5607 4932 5842 5472 5392 5279 5392 5914 5063 4696 5507 5472 4885 5022 
5764 5008 5280 4874 5378 5494 4754 5412 5836 5358 5740 6106 5313 5298 5283 5430 5754 5058 5378 5551 
5434 5140 5494 5453 5183 5391 5643 6280 4895 5740 5280 4711 5439 4976 5713 5847 5195 5572 5146 5418 
5488 5202 5510 5028 5857 4886 5064 5084 5138 5896 5967 5350 5345 5368 5414 6288 5385 5293 5777 5236 
4947 5141 5291 5388 5310 5315 5118 5312 5677 5173 5230 5149 5127 5128 5298 5544 5378 4963 5159 5216 
5161 5429 4846 5042 5393 5499 5400 5319 4801 5684 5243 5110 5125 4993 4913 5273 5479 5053 5191 5589 
5021 5448 5250 5287 5433 4934 5358 5125 4968 5545 5138 5544 5396 5542 5259 5062 5659 5158 5465 5236 
5299 5405 5822 4901 6106 5182 5540 4656 5580 4979 5560 5564 5245 4988 4969 5122 5197 5746 5638 5702 
5471 5743 5121 5100 5273 5551 5287 5126 4898 5571 5758 5693 5171 5380 5074 4992 5335 4948 5597 5360 
]';
NC(4,1,:,:) = [
5481 5239 5043 5637 5366 5602 5406 5815 5203 5702 5372 4921 5324 5304 4561 5384 5778 5668 5615 5500 
5749 4959 6095 5899 5270 4656 5310 5399 5097 5381 4732 4491 5796 4880 5439 4993 5591 5114 5236 5053 
5350 5021 4626 5218 5361 5691 4624 5155 5150 5572 5448 5286 5734 5486 5477 5688 5738 5441 5410 5495 
5127 5720 5641 5228 4820 5445 4833 5716 5067 5970 5084 6074 5610 4877 5552 5364 5320 5284 4997 4865 
4910 5410 5361 5027 5648 5417 5132 5223 5050 5054 5463 5518 5597 5542 4712 5118 5546 5213 5330 5621 
5011 5110 4923 5474 5074 5175 5928 5774 5300 5504 5409 6029 5605 5974 5022 4873 5300 4914 5380 5202 
5837 5655 5832 5424 5697 5600 5121 5529 6128 5358 5760 5531 5745 4997 5184 5187 5341 5437 5165 5461 
5590 5490 5492 5837 5357 5182 5609 5669 5009 5337 4974 4838 5187 4896 5399 5360 5384 4975 5364 5595 
5551 5010 5418 5164 5184 5170 5381 5654 5690 5209 5539 5825 5167 5229 5327 5419 5114 5173 4941 5208 
4897 5420 5417 4918 5169 5517 5056 5848 5113 5541 5169 5170 5479 5464 5250 5831 5711 5269 6004 5579 
5635 5330 5149 5711 5111 5633 5402 4455 4394 5210 5330 5305 5089 4998 5516 5460 6179 4859 5691 5591 
5207 5307 5693 5053 5014 5520 4938 5267 4878 4996 5441 5689 5166 5010 5361 5339 5130 5319 5433 5474 
5034 5712 5246 5422 5496 5191 5285 5530 5147 5512 5110 5650 4896 5068 5011 5550 5204 5007 5427 4923 
5228 4605 5011 5691 4990 5104 5083 5340 4936 5648 5371 5408 5374 5221 5238 5543 5174 4947 5444 5241 
4582 5148 5457 5610 5317 4759 5044 6183 5527 4926 4734 5234 5584 5016 5710 5515 5094 4937 5088 4823 
5198 5485 5000 5466 5505 5404 5209 5056 5346 4712 5302 5517 5419 5166 4630 5728 5489 5685 5351 5078 
5234 5010 5041 5328 5286 5168 5859 5048 4928 5645 5522 5100 5642 5292 5757 4997 4653 5208 5017 5192 
5357 5648 4679 5393 4913 5240 5443 5505 5044 5028 5361 5190 4843 5033 5553 5182 5144 5864 5326 4892 
5490 5135 4921 5371 5286 5007 5778 5494 5585 5410 5753 5297 5043 4914 5328 4901 4909 5010 5025 4997 
5186 5602 5513 5045 5623 5163 5131 4817 5025 5475 5662 5408 5243 4968 5109 5486 5004 5230 5348 5208 
]';
NC(4,2,:,:) = [
5181 5600 5443 5425 5466 5497 4960 5484 5564 5364 5145 5454 5597 5296 5299 5333 5545 5469 5381 5418 
5186 5071 5130 4696 5216 5207 4966 5183 5716 5331 5000 5527 5421 4823 5172 5256 5569 5612 5517 5540 
5123 5183 5177 5568 5375 4952 5448 4934 5347 5774 5215 5224 5748 5101 5842 5323 5633 5384 5252 5369 
5255 5034 5567 5719 5096 5777 5169 5085 4855 5589 5366 5231 5104 5493 5420 5459 5695 5095 5000 5584 
5156 5294 5666 5260 5013 5852 5259 5339 5574 5058 5044 5473 4935 5732 5193 5507 5177 5353 4790 5218 
5269 5100 5756 5001 5218 5204 5284 5617 5357 5259 4911 5868 5134 5697 5562 4907 5528 5391 5682 5237 
5805 5250 5618 5103 5546 5370 5373 4988 5435 5208 5519 5405 5525 5951 5720 5489 5255 5915 5583 5931 
5307 5698 4835 5539 5229 5197 4718 5376 5887 4785 5526 5138 5159 5432 5022 5565 5468 5580 5831 5249 
5262 5479 4906 5370 5585 5226 5033 5406 4999 5543 5215 4848 5411 5897 5699 4847 5310 5948 5168 5223 
5614 5603 5663 5303 5341 5368 5814 5624 5060 5407 5470 5352 5856 5370 5254 4805 4706 5206 5284 5723 
5085 5552 5571 5169 5715 5368 5856 5739 5082 4751 4711 5447 5156 5231 4862 5690 5359 5608 5039 5055 
5300 5652 5153 4805 5562 5680 5101 4945 5643 4789 5563 5425 5926 5229 5342 4661 4656 5172 4956 5676 
5445 5191 5445 5120 5510 5489 5022 4808 5215 5252 5890 4687 5593 5181 5180 5211 5210 5553 4925 5493 
5060 5040 5720 5103 5159 5195 5466 5348 5211 5463 5071 5511 5394 5309 4879 5031 5374 5641 4577 5047 
4751 4772 5139 5411 5681 4732 5948 4804 5518 5261 5146 4696 5174 5364 5301 5933 4753 5435 5170 5299 
5331 5468 5662 5141 4788 5692 5751 5475 4852 5275 4980 5419 5903 4856 5072 5705 5025 4979 4744 5627 
5195 5506 5270 5036 4899 5441 5649 4718 5062 5196 5530 5395 5230 4896 5484 5255 5057 5149 5604 5353 
5253 5174 5114 5109 5785 5047 5103 5768 5224 5224 5754 5475 5273 4846 5015 5066 5069 4944 5440 4953 
5657 5595 5632 5475 4964 5444 4991 4857 4852 5459 4685 5603 5325 5194 4902 5355 5732 5263 4949 4717 
5417 5298 5428 5760 5000 5680 5294 5177 5435 4850 4833 5395 5214 5128 5077 4986 5345 4861 5606 5461 
]';
NC(4,3,:,:) = [
5129 5282 4986 5663 5341 5089 5064 5194 5434 5407 5418 5813 5537 5753 5087 5536 5404 5682 6287 4815 
5424 5377 5350 5495 5420 5065 4697 4746 5313 5420 4929 5149 5565 5415 5499 5096 4910 5163 5747 5361 
5333 5312 5234 5119 5302 5291 5422 5047 5542 5049 5229 5646 5743 5266 5643 4832 5727 5340 5321 5574 
5165 5526 5556 5147 5176 5163 5529 5044 5510 4868 5584 4839 5366 5369 4869 6057 5067 5515 6078 5164 
4910 4512 5097 5357 5267 5530 5274 4856 5134 5297 5517 5618 5760 4930 5143 6194 5516 5360 5475 5144 
4866 4761 5657 5467 4904 5141 5733 5370 5476 5171 5329 5235 5842 5281 5650 5399 5865 5106 5338 5393 
4929 5649 5350 5806 5549 5558 5020 5048 5477 5602 5412 6056 5494 5612 5574 5243 5649 5490 5662 5811 
5385 5257 4961 6087 4980 5220 5707 5542 5541 5607 5804 5338 4758 4661 5398 5065 5200 5543 5383 5105 
5217 4615 5093 5345 5452 5246 5521 5467 4928 5784 5436 5691 5127 5612 5492 5489 4904 5307 5163 5485 
5141 5899 5194 5123 5441 4996 5234 5531 5900 5767 5437 4721 5611 5414 5664 5290 5692 4762 5563 5441 
5650 5542 5204 5423 4861 5604 5610 5340 5787 5400 5107 5203 5006 5120 5794 4569 5160 5327 5030 5310 
5154 5201 5556 5235 5023 5026 5534 5632 5186 4758 4793 5142 5214 5521 5865 4950 5251 4878 5617 5700 
4974 4531 5641 5763 4755 5204 5127 5379 5359 5007 5646 5118 5190 5822 5490 4866 5337 5459 5356 5397 
4996 5179 5122 4717 5204 4506 5691 5668 5415 5102 5213 5422 5203 5702 5667 5163 5171 5047 4980 5431 
5335 5202 5242 5167 5612 5360 5591 4871 5373 5542 4878 5454 4940 5247 4549 5172 5157 5415 5385 4794 
5239 5532 5535 5515 5339 4950 5220 5352 5137 5188 5086 5232 5380 5634 5665 5259 5013 5530 4927 5012 
5338 5457 5729 4932 5629 5434 5390 5267 5286 4292 4965 5433 5346 5433 5002 4948 4924 5612 4953 5557 
5030 5262 4699 5047 5276 5545 5037 5630 5179 5172 5395 5286 5466 5189 5872 4901 4870 5211 5036 5535 
5360 5534 5337 5955 5136 5128 4895 5504 4881 5198 5110 4892 5036 5617 5582 5759 5271 4941 4578 4936 
5706 5548 5371 4730 5443 5300 4869 5789 4892 5451 4792 4972 6486 5352 5070 5076 4457 5137 5322 5483 
]';
X(4,:) = [
-9.500000e+00 -8.500000e+00 -7.500000e+00 -6.500000e+00 -5.500000e+00 -4.500000e+00 -3.500000e+00 -2.500000e+00 -1.500000e+00 -5.000000e-01 5.000000e-01 1.500000e+00 2.500000e+00 3.500000e+00 4.500000e+00 5.500000e+00 6.500000e+00 7.500000e+00 8.500000e+00 9.500000e+00 ];
D(4,:) = [
5.088202e-02 4.957004e-02 5.043369e-02 5.025643e-02 4.992549e-02 5.043887e-02 5.185693e-02 5.023145e-02 5.015225e-02 5.083487e-02 4.999762e-02 4.961576e-02 4.970298e-02 4.931499e-02 4.916791e-02 4.985572e-02 4.946962e-02 4.933338e-02 4.933998e-02 4.962001e-02 ];
NC(4,5,:,:) = [
4752 5518 5652 5327 5458 5501 5533 5252 5225 5211 5289 5461 5344 5542 4759 5751 5861 5329 5639 5518 
4981 5176 5309 5187 5051 5677 4979 5341 5523 4721 5867 5358 4670 5342 5111 4839 5922 5352 5258 5476 
5556 5422 5052 5101 4853 5098 4995 5663 4974 5364 5576 5198 5468 5392 5551 5748 5169 5625 5388 5778 
5482 5296 5222 4880 5374 5250 5367 5098 5334 5695 5320 5397 5456 5422 5054 5578 5409 5351 5352 5259 
5154 5773 5410 5467 5318 5031 5202 5304 5207 5921 5360 5461 4809 4635 5698 5297 4890 5472 5554 4931 
5021 5468 5298 5593 5829 5194 5483 4691 5465 5335 6147 5665 5087 5529 5321 4719 6019 5053 5070 4994 
5648 5743 5540 5232 5041 5543 5665 5490 5317 5514 5684 5742 4643 5711 5788 5461 6026 5264 5789 5149 
5425 5314 5683 5137 4967 4792 5242 5029 5244 5149 5398 5731 5459 6270 5617 5888 5035 4994 4899 5268 
5415 4905 5632 5145 5613 5320 5569 5171 5499 6045 4939 5249 5636 5367 4959 5732 5520 4939 4800 4919 
5204 5069 5320 5068 5381 5213 5443 5676 5638 5520 5750 5731 5599 5480 5189 5445 5599 4900 5019 5579 
4996 5230 5150 4976 4999 5807 4918 5189 5325 5637 4997 5635 5017 5579 5189 5364 5438 5418 5630 5551 
5518 5541 5191 5228 5598 5227 4937 5481 5695 4878 5708 5095 5088 5267 4742 5606 5415 4778 4852 5390 
5210 6527 5268 4900 5867 5243 4609 5055 5264 5497 5941 5069 5221 5552 5237 5354 4815 5021 5158 4614 
5403 5366 5208 4939 5614 4896 5127 5051 4642 4737 5781 5359 4968 4970 4733 5695 5326 5829 5245 5710 
5189 4877 5131 4741 5469 4930 5492 4917 5549 5640 5318 5062 5429 5407 5287 5147 5140 5358 5027 5177 
5474 4874 5417 5414 5411 5528 5218 5580 4538 5504 4880 5436 5206 5818 5431 5235 4707 5620 5036 5420 
5795 5819 5576 5661 4881 5078 5266 5303 5398 5684 5589 5660 5419 4770 4594 4883 4725 5009 4833 4984 
5576 4804 4996 5460 5534 5389 5194 5446 6177 5350 5366 5171 4954 5126 5001 5370 5253 4843 5014 4613 
5145 4625 5144 5663 4986 4998 5093 4962 5112 5417 5243 5585 4921 5480 5318 5689 5281 5156 5398 5433 
4886 5348 5515 5388 5896 5033 5100 4783 5047 5499 5071 5049 5655 5505 5384 5053 5054 5135 5564 5281 
]';
NC(5,1,:,:) = [
5160 5738 4907 4337 5722 5723 5288 5088 5105 5911 5535 5037 5267 5226 5094 5685 5819 4952 5300 4935 
4757 5042 6168 5410 5242 5284 5685 5352 4569 5576 6321 5088 5381 5152 5248 5476 5166 5092 5225 5460 
5338 5641 5416 5027 5432 5264 5225 6055 5090 5648 4917 5205 5066 5406 5359 5279 4806 5086 5187 6270 
5744 5070 4668 5509 4937 5534 5281 5327 5187 5288 5284 5052 5168 4976 5034 5186 5288 5245 5613 5113 
5532 5668 5245 5227 5400 5223 4947 5322 5478 5439 5303 5419 5329 5556 5461 5321 5861 5381 5125 4901 
5048 5526 5123 6112 5262 5069 5148 5039 4335 5282 4915 5457 5518 4954 5514 5440 5419 4902 5536 5151 
5702 5088 5050 5263 5053 5304 4644 5297 5632 4972 5184 5378 5885 4918 4942 5189 4685 5271 5571 5403 
5014 4959 5153 5062 5146 5106 5361 4958 5077 5382 5284 4994 5494 5746 5366 5207 5380 5165 5421 5209 
4954 5211 5095 5653 4940 5482 5033 5673 5205 5035 5978 4825 5362 4840 5520 5532 5399 5707 5597 5132 
5459 5208 5440 5191 5494 5222 5533 5535 5921 5730 5340 5612 5575 5869 5558 5440 5312 5132 4960 4787 
5781 5671 5193 5804 5495 5689 5244 5247 5224 5284 5288 5385 5650 5497 5686 5518 5537 5472 4901 5654 
5077 5107 5153 5498 5129 5341 5616 5888 5579 5690 5572 5483 5132 5342 5188 5607 5817 5227 4826 5842 
4902 4961 5113 5894 4996 5558 5071 5365 5135 5667 5324 5836 5243 4763 4605 5031 5034 5302 5068 5184 
5482 5419 5273 5263 5851 4998 5626 5686 5244 5651 5168 5808 5425 4972 5321 5730 5344 5132 5874 4899 
4904 5128 5533 5301 5307 5190 4798 4516 5516 4845 5335 5728 5761 4762 5423 5549 5243 4801 5337 4987 
5421 4747 5439 5484 5918 5331 5206 6217 4994 5259 5086 5516 5340 5229 5323 5244 5741 5764 5448 5147 
5092 5862 5889 5306 5786 5493 5806 5692 4607 5355 5379 5229 5438 5072 4784 5440 4820 5105 5336 5112 
5900 5396 4878 5846 4666 4379 5107 5348 5049 4915 5218 5761 5047 5399 4899 4926 5664 5010 5602 5434 
5224 5132 5387 5376 4625 5299 5841 5335 5346 5309 5187 5257 5319 4776 5302 4779 5362 5338 5369 4966 
5163 5443 5436 5355 5086 5151 5111 5535 5323 4953 4918 5412 5144 4880 5511 5341 5108 5469 5294 5411 
]';
NC(5,2,:,:) = [
5412 5171 5678 5205 5201 5414 5208 4996 5807 5077 4943 4658 5579 5469 5393 5312 5235 5306 5404 5360 
5661 5044 5453 5653 5116 5102 5084 5247 5454 5524 5582 5539 5257 5135 4928 5155 5780 5869 4921 5190 
5427 5148 5110 4908 5580 5762 5558 4988 5697 5575 4788 5287 5619 5427 5023 5583 4614 5734 5417 5474 
5163 5036 5112 4691 5009 5422 5931 5480 5111 4919 5563 5718 5660 5180 4977 4964 4749 5696 5265 4859 
4721 5393 5364 5933 5731 5565 5397 5534 4578 4927 5443 5465 5291 5370 5560 4941 5383 5594 5208 5744 
4911 5267 4803 5717 5221 5224 5262 5134 5485 5521 5195 5677 5429 5407 5306 4732 5267 4682 5206 5300 
5172 5267 5347 4990 4915 5645 5018 5156 5171 5211 5233 4985 5547 5463 5309 5071 4856 5245 5667 5162 
4833 4880 6029 5227 4955 5362 4984 5019 5484 4925 5039 5833 5603 4986 5209 5593 5343 4918 5161 5101 
5550 5463 5392 5226 5458 5280 5215 5333 5196 4927 5277 5472 5314 5388 5210 5289 5713 5500 4447 5522 
5162 5700 5707 5283 5798 5578 5657 4831 4771 5173 5676 5464 6010 5370 5518 5367 5537 5262 4972 5482 
5867 5365 6010 5647 5788 5774 5540 5679 5100 5257 5213 5115 5483 5100 4768 5343 5477 5506 5876 5315 
5622 5397 5408 5227 5554 5405 5603 5468 5369 5217 5001 5539 5618 5948 5000 5869 5435 5339 4842 5255 
5511 5473 5590 4936 5192 4964 5330 4848 4731 5287 4849 5290 4844 5134 5750 5378 4929 4979 5288 5751 
5354 5936 5525 5773 5891 5305 5370 5366 5139 5678 5086 5173 5675 4958 5110 5786 4890 5669 5076 5402 
5341 5201 5244 4652 5227 5486 5329 4466 5409 5288 5063 5288 4766 5511 5436 5011 5601 5179 5438 5028 
5042 5478 5655 5035 5066 4923 4904 5636 5374 5503 4928 5292 5437 5789 5691 5755 5508 5678 5399 5763 
5193 5018 5212 5369 5349 4983 5037 5621 5349 5137 5853 5227 5617 4747 5871 5163 5737 5476 5285 5358 
5471 5171 4664 5270 4843 5428 5308 5314 5328 4943 5098 5152 5156 5498 5186 4905 5458 5527 5236 5489 
5147 5443 5245 5099 4827 5043 5158 5679 5811 5385 5341 5137 5837 4892 5159 5024 4787 5228 5325 4958 
5096 5710 5347 5271 5427 5754 5315 4882 5524 5366 5407 5263 4337 5254 4891 5141 5165 5169 5066 5659 
]';
NC(5,3,:,:) = [
5494 4912 4770 5185 5293 5271 5225 5730 5659 5139 5474 5092 5764 5434 5488 4947 5161 5021 5299 5471 
5537 5927 5795 5047 5239 5493 5496 5479 5272 4971 4893 5027 5008 5140 5202 5141 5429 5448 5405 5743 
5041 4567 5308 5473 4965 5681 5177 5232 5683 5528 5722 5725 5280 5494 5510 5291 4846 5250 5822 5121 
5283 5088 5427 5343 5502 5028 5273 5663 5119 5395 5201 5109 4874 5453 5028 5388 5042 5287 4901 5100 
